-5.932 10.388 63.308
-5.955 9.039 64.155
-6.986 8.863 65.159
-6.436 8.073 66.325
-4.980 8.344 66.700
-4.703 8.010 68.058
-3.211 7.643 68.485
-3.236 6.051 68.390
-4.346 5.334 68.986
-3.863 4.011 69.535
-2.469 4.003 70.158
-2.302 2.941 71.094
-0.839 2.383 71.394
-0.762 1.143 70.396
-1.880 0.220 70.341
-1.375 -1.181 70.077
-0.048 -1.558 70.730
0.091 -2.966 70.895
1.549 -3.606 70.978
1.792 -4.040 69.463
0.740 -4.752 68.764
1.349 -5.742 67.799
2.628 -6.439 68.258
2.832 -7.684 67.593
7.810 4.033 55.659
7.281 2.604 56.128
8.043 1.424 55.766
7.105 0.265 55.524
5.770 0.599 54.862
5.202 -0.527 54.196
3.624 -0.591 53.974
3.161 -1.454 55.231
3.887 -2.668 55.549
2.936 -3.699 56.115
1.534 -3.730 55.512
0.904 -4.998 55.679
-0.688 -5.088 55.686
-1.002 -5.039 57.248
-0.236 -5.887 58.141
-1.110 -6.345 59.286
-2.571 -6.636 58.949
-3.168 -7.537 59.879
-4.749 -7.513 60.087
-4.888 -6.554 61.353
-4.022 -6.775 62.495
-4.759 -6.436 63.769
-6.246 -6.784 63.805
-6.730 -6.946 65.136
  
  
  
  
  
  
  
